376.521 656 
1175.93 656 
1107.93 656 
1149.29 656 
1149.29 656 
1149.29 656 
1149.29 656 
1149.29 656 
1149.29 656 
1149.29 656 
1149.29 656 
1149.29 656 
1157.72 656 
1157.72 656 
2071.39 656 
2071.39 656 
1149.29 656 
1149.29 656 
1083.01 656 
1107.93 656 
1083.01 656 
999.479 656 
924.932 656 
999.479 656 
949.462 656 
907.971 656 
907.971 656 
907.971 656 
674.57 656 
674.57 656 
674.57 656 
674.57 656 
700.227 656 
2479.54 656 
2479.54 656 
2520.84 656 
2479.54 656 
2479.54 656 
2520.84 656 
2479.54 656 
2520.84 656 
141.776 656 
141.776 656 
141.776 656 
141.776 656 
141.776 656 
137.6 656 
426.538 656 
426.538 656 
426.538 656 
426.538 656 
1083.01 656 
451.068 656 
451.068 656 
451.068 656 
716.586 656 
716.586 656 
716.586 656 
774.47 656 
617.884 656 
617.884 656 
675.773 656 
675.773 656 
617.884 656 
675.773 656 
675.773 656 
675.773 656 
674.57 656 
999.479 656 
-2553.81 181936 
-2543.97 181123 
-2543.97 181123 
-2535.31 180410 
-2526.95 179637 
-2526.95 179637 
-2525.95 179638 
-2517.58 178864 
-2506.37 178108 
-2506.37 178108 
-2493.8 177320 
2426.19 656 
2426.19 656 
2426.19 656 
2426.19 656 
2401.71 656 
2401.71 656 
2426.19 656 
2342.99 656 
