1 21 1
2 21 1
3 21 1
4 21 1
5 21 1
6 21 1
7 21 1
8 21 1
9 21 1
10 21 1
11 21 1
12 21 1
13 21 1
14 21 1
15 21 1
16 21 1
17 21 1
18 21 1
19 21 1
20 21 1
21 21 1
22 21 1
23 21 1
24 21 1
25 21 1
26 21 1
27 21 1
28 21 1
29 21 1
30 21 1
31 21 1
32 21 1
33 21 1
34 21 1
35 21 1
36 21 1
37 21 1
38 21 1
39 21 1
40 21 1
41 21 1
42 21 1
43 21 1
44 21 1
45 21 1
46 21 1
47 21 1
48 21 1
49 21 1
50 21 1
51 21 1
52 21 1
53 21 1
54 21 1
55 21 1
56 21 1
57 21 1
58 21 1
59 21 1
60 21 1
61 21 1
62 21 1
63 21 1
64 21 1
65 21 1
66 21 1
67 21 1
68 21 1
69 21 1
70 21 1
71 21 1
72 21 1
73 21 1
74 21 1
75 21 1
76 21 1
77 21 1
78 21 1
79 21 1
0 20 1
0 19 1
0 18 1
39 20 1
39 19 1
39 18 1
10 19 1
10 18 1
10 17 1
11 17 1
17 17 1
18 17 1
18 18 1
18 19 1
-2 21 1
-4 21 1
-5 21 1
-3 21 1
-6 21 1
-7 21 1
-8 21 1
-9 21 1
-10 21 1
-12 21 1
-11 21 1
14 15 1
